88 92 98 24 59 57 20 41 3 5 
53 61 34 14 23 41 92 43 5 62 
34 91 38 42 51 36 44 35 49 21 
22 32 73 26 90 42 23 77 45 49 
60 37 30 37 42 11 26 47 54 98 
77 53 55 42 19 94 48 45 29 88 
96 63 5 97 68 36 57 79 30 97 
88 88 46 53 34 85 70 49 76 70 
49 9 68 64 95 5 34 28 84 58 
65 15 17 29 55 87 57 95 11 84 
12 9 51 58 44 37 35 22 9 83 
41 50 15 84 53 39 15 1 38 72 
77 96 51 97 61 68 25 52 30 86 
61 69 29 93 8 16 25 63 63 90 
3 28 67 55 7 11 33 55 48 64 
95 59 35 95 69 33 26 26 83 29 
82 93 93 72 31 79 95 71 71 95 
80 61 79 23 92 1 48 22 70 22 
83 99 68 34 83 29 60 59 52 32 
38 58 29 19 75 21 95 85 56 63 
98 32 73 86 82 10 58 62 63 14 
35 15 48 97 38 79 79 27 75 21 
47 47 54 5 46 85 21 91 63 91 
1 54 38 39 97 31 83 87 3 1 
65 17 43 47 51 28 76 13 44 82 
55 79 57 12 75 85 46 17 68 48 
18 3 62 34 20 92 94 7 26 69 
36 38 91 91 96 62 59 66 72 82 
2 7 22 25 34 53 64 81 92 99 
87 26 82 49 61 56 61 53 52 65 
79 20 99 42 78 32 13 52 14 39 
39 83 14 59 50 8 55 50 4 79 
68 47 85 58 65 21 83 84 24 40 
49 37 96 92 11 16 97 74 48 63 
81 58 23 80 54 71 86 27 27 55 
24 31 20 1 50 99 87 98 15 69 
78 27 14 34 33 80 66 27 20 61 
54 51 56 83 63 2 55 43 57 57 
78 47 97 11 57 40 31 73 80 95 
26 66 45 8 73 19 69 19 83 48 
53 30 97 81 4 37 5 33 38 95 
22 73 67 19 97 19 57 56 54 47 
67 57 25 64 3 90 26 2 82 33 
21 86 80 65 97 85 3 87 62 32 
59 87 74 21 58 9 30 60 29 34 
34 33 57 34 39 39 25 65 91 54 
48 70 85 57 5 3 94 41 62 48 
97 30 51 6 48 90 55 84 13 40 
41 39 42 12 50 81 35 74 44 81 
34 13 20 3 23 44 56 53 18 12 
1 74 3 53 51 53 100 19 54 35 
74 46 41 23 85 5 31 58 45 92 
80 96 34 83 69 47 40 33 87 31 
46 43 54 12 97 97 31 26 50 23 
91 50 54 66 36 58 57 44 36 61 
88 26 1 40 93 10 83 86 82 16 
97 89 14 20 31 10 44 97 32 31 
10 42 20 93 92 18 26 61 58 48 
52 31 53 13 89 27 8 54 78 7 
69 86 60 32 55 21 22 47 80 33 
20 51 13 60 41 52 46 81 75 60 
12 82 64 79 50 100 91 52 34 65 
11 65 12 99 67 42 72 26 20 97 
20 16 88 52 60 62 66 97 72 26 
30 77 35 73 31 66 66 82 61 75 
11 7 81 66 99 11 89 25 97 5 
72 14 65 59 32 15 44 83 26 17 
29 97 55 94 4 80 95 3 46 84 
46 57 81 50 78 5 93 81 70 12 
76 68 56 56 17 81 49 90 95 55 
95 50 35 82 45 46 88 55 64 85 
18 4 60 69 34 2 72 92 79 81 
82 8 27 61 31 85 25 16 42 74 
73 25 59 87 13 43 52 79 3 89 
53 92 89 83 98 95 34 53 27 83 
50 49 12 45 31 10 59 31 82 70 
5 47 42 63 92 36 52 11 85 36 
88 1 30 89 64 3 59 58 56 32 
21 33 74 14 13 83 7 48 8 44 
75 93 84 64 79 67 32 22 3 40 
97 35 47 51 46 15 52 97 96 72 
62 91 39 21 33 28 29 56 12 96 
56 35 79 30 41 26 67 11 34 47 
42 2 22 18 12 90 10 18 79 66 
30 65 65 10 37 3 83 67 24 65 
6 58 69 96 31 88 20 64 23 92 
30 98 87 29 9 14 92 53 66 94 
13 14 26 30 2 12 30 33 37 71 
88 11 5 64 58 65 44 90 19 41 
32 18 4 7 26 91 43 81 84 50 
3 11 54 82 46 49 47 64 91 11 
93 63 77 48 11 36 6 22 25 93 
15 94 34 56 51 48 85 92 12 74 
62 27 9 100 10 59 96 12 65 5 
33 71 25 6 27 78 90 93 68 9 
59 75 43 83 6 57 85 98 98 32 
15 56 49 20 68 39 96 92 9 50 
12 9 37 54 51 55 65 70 22 93 
3 63 90 14 22 1 28 100 58 61 
37 25 19 39 56 79 2 42 11 8 
